period 15
horizonLength 96
nbrDays 1
nbrTypEmployees 1
prAct 2
prCur 5
typParam 1
HD 1
nbrShiftTypes 1
ShtTyp 0 minPre 4 maxPre 16 breakLength 8 minPost 4 maxPost 16 minLength 32 maxLength 40 nbrStarts 96 Starts 0 1 2 3 4 5 6 7 8 9 10 11 12 13 14 15 16 17 18 19 20 21 22 23 24 25 26 27 28 29 30 31 32 33 34 35 36 37 38 39 40 41 42 43 44 45 46 47 48 49 50 51 52 53 54 55 56 57 58 59 60 61 62 63 64 65 66 67 68 69 70 71 72 73 74 75 76 77 78 79 80 81 82 83 84 85 86 87 88 89 90 91 92 93 94 95
nbrActs 3
Act 0 minLength 4 maxLength 8 Curve 2 5 2 4 1 4 1 5 4 5 4 6 5 8 5 9 5 7 5 8 0 4 0 3 5 8 5 8 4 7 4 7 8 9 8 9 11 12 11 14 12 15 12 13 6 9 6 9 11 14 11 12 0 2 0 3 5 6 5 8 8 11 8 12 4 8 4 5 14 17 14 16 6 8 6 10 5 7 5 9 0 2 0 2 6 9 6 9 3 6 3 4 0 2 0 4
Act 1 minLength 4 maxLength 12 Curve 2 5 2 3 6 10 6 10 4 7 4 6 5 9 5 8 3 7 3 5 0 2 0 4 2 5 2 6 10 14 10 11 10 14 10 14 14 15 14 15 7 8 7 9 15 18 15 18 10 13 10 11 0 1 0 1 1 3 1 3 13 14 13 17 15 19 15 16 15 16 15 16 1 5 1 4 4 5 4 5 9 13 9 11 6 8 6 9 2 4 2 3 0 3 0 2
Act 2 minLength 8 maxLength 16 Curve 4 5 4 5 7 10 7 10 13 14 13 15 11 12 11 15 5 7 5 9 0 1 0 4 1 4 1 4 7 10 7 9 13 14 13 14 14 18 14 18 17 18 17 20 15 17 15 17 5 7 5 9 0 1 0 1 4 5 4 8 15 17 15 19 17 19 17 21 7 8 7 11 1 4 1 4 4 7 4 8 4 8 4 8 1 4 1 4 0 3 0 1 0 4 0 4
