period 15
horizonLength 96
nbrDays 1
nbrTypEmployees 1
prAct 1
prCur 2
typParam 2
HD 1
nbrShiftTypes 2
ShtTyp 0 minPre 4 maxPre 16 breakLength 8 minPost 4 maxPost 16 minLength 32 maxLength 40 nbrStarts 96 Starts 0 1 2 3 4 5 6 7 8 9 10 11 12 13 14 15 16 17 18 19 20 21 22 23 24 25 26 27 28 29 30 31 32 33 34 35 36 37 38 39 40 41 42 43 44 45 46 47 48 49 50 51 52 53 54 55 56 57 58 59 60 61 62 63 64 65 66 67 68 69 70 71 72 73 74 75 76 77 78 79 80 81 82 83 84 85 86 87 88 89 90 91 92 93 94 95
ShtTyp 1 minPre 4 maxPre 16 breakLength 4 minPost 4 maxPost 16 minLength 24 maxLength 28 nbrStarts 96 Starts 0 1 2 3 4 5 6 7 8 9 10 11 12 13 14 15 16 17 18 19 20 21 22 23 24 25 26 27 28 29 30 31 32 33 34 35 36 37 38 39 40 41 42 43 44 45 46 47 48 49 50 51 52 53 54 55 56 57 58 59 60 61 62 63 64 65 66 67 68 69 70 71 72 73 74 75 76 77 78 79 80 81 82 83 84 85 86 87 88 89 90 91 92 93 94 95
nbrActs 6
Act 0 minLength 4 maxLength 8 Curve 3 4 3 6 6 10 6 7 8 11 8 10 2 3 2 6 7 9 7 8 0 3 0 4 2 5 2 4 6 9 6 9 7 10 7 8 13 16 13 15 3 7 3 5 8 12 8 11 7 9 7 10 0 3 0 2 2 5 2 3 7 11 7 11 7 11 7 11 12 13 12 15 4 8 4 5 5 9 5 9 2 3 2 3 3 4 3 6 2 6 2 3 0 1 0 2
Act 1 minLength 8 maxLength 12 Curve 0 1 0 3 1 2 1 5 10 13 10 12 10 11 10 11 4 5 4 7 0 1 0 1 0 1 0 4 5 7 5 7 10 14 10 11 17 20 17 18 14 16 14 15 10 13 10 14 3 4 3 6 0 1 0 1 0 1 0 3 6 9 6 10 7 8 7 8 2 3 2 4 3 4 3 5 4 7 4 8 3 6 3 4 2 3 2 4 0 1 0 4 0 4 0 3
Act 2 minLength 12 maxLength 16 Curve 0 4 0 1 1 5 1 2 1 5 1 2 1 3 1 3 0 3 0 1 0 3 0 2 0 2 0 4 2 5 2 5 2 3 2 4 4 8 4 7 2 5 2 3 2 6 2 5 0 3 0 1 0 4 0 1 0 4 0 3 1 3 1 4 1 4 1 2 1 3 1 2 0 2 0 3 0 3 0 1 1 3 1 3 1 4 1 2 1 4 1 2 0 1 0 1
Act 3 minLength 4 maxLength 8 Curve 4 7 4 7 5 9 5 9 3 5 3 6 7 8 7 10 3 7 3 6 0 3 0 4 4 7 4 6 5 8 5 8 8 11 8 10 7 11 7 10 6 8 6 9 5 6 5 9 7 9 7 11 0 2 0 2 6 8 6 9 6 7 6 10 3 6 3 5 9 10 9 13 3 4 3 7 2 6 2 5 4 8 4 6 5 6 5 9 3 7 3 6 0 1 0 1
Act 4 minLength 8 maxLength 12 Curve 1 4 1 3 1 2 1 2 3 6 3 5 5 6 5 8 3 4 3 7 0 4 0 3 1 3 1 5 5 6 5 7 6 9 6 7 5 9 5 9 2 6 2 6 2 5 2 6 1 2 1 3 0 4 0 4 2 6 2 5 8 12 8 12 10 14 10 11 4 6 4 5 0 2 0 2 2 3 2 3 3 7 3 5 2 3 2 4 0 3 0 2 0 1 0 2
Act 5 minLength 12 maxLength 16 Curve 0 3 0 2 0 2 0 3 1 4 1 5 1 2 1 4 1 5 1 3 0 4 0 4 1 4 1 3 3 5 3 6 3 4 3 4 3 4 3 4 1 4 1 5 1 5 1 2 0 2 0 1 0 3 0 2 0 3 0 1 0 1 0 4 0 1 0 3 0 4 0 4 0 3 0 2 3 6 3 7 3 6 3 4 3 7 3 7 0 3 0 4 0 2 0 4
