period 15
horizonLength 96
nbrDays 1
nbrTypEmployees 1
prAct 1
prCur 2
typParam 1
HD 3
nbrShiftTypes 1
ShtTyp 0 minPre 4 maxPre 16 breakLength 8 minPost 4 maxPost 16 minLength 32 maxLength 40 nbrStarts 32 Starts 0 3 6 9 12 15 18 21 24 27 30 33 36 39 42 45 48 51 54 57 60 63 66 69 72 75 78 81 84 87 90 93
nbrActs 6
Act 0 minLength 4 maxLength 8 Curve 3 7 3 5 6 7 6 9 8 12 8 9 2 3 2 6 7 8 7 11 0 2 0 4 2 5 2 4 6 10 6 8 7 8 7 10 13 16 13 16 3 4 3 6 8 11 8 9 7 9 7 10 0 3 0 2 2 4 2 4 7 8 7 8 7 10 7 10 12 14 12 14 4 5 4 6 5 6 5 7 2 5 2 3 3 4 3 4 2 4 2 3 0 3 0 1
Act 1 minLength 8 maxLength 12 Curve 0 2 0 2 1 4 1 5 10 13 10 12 10 11 10 14 4 8 4 5 0 3 0 4 0 3 0 3 5 9 5 8 10 11 10 12 17 18 17 18 14 18 14 18 10 12 10 13 3 5 3 5 0 1 0 3 0 1 0 1 6 9 6 10 7 9 7 10 2 6 2 5 3 4 3 6 4 6 4 8 3 7 3 6 2 6 2 5 0 3 0 2 0 4 0 2
Act 2 minLength 12 maxLength 16 Curve 0 2 0 3 1 4 1 3 1 2 1 5 1 5 1 3 0 4 0 2 0 4 0 2 0 1 0 4 2 5 2 3 2 6 2 4 4 6 4 8 2 3 2 6 2 4 2 3 0 4 0 2 0 3 0 1 0 2 0 4 1 2 1 3 1 2 1 5 1 5 1 5 0 2 0 2 0 4 0 2 1 2 1 2 1 3 1 2 1 4 1 4 0 1 0 3
Act 3 minLength 4 maxLength 8 Curve 4 6 4 8 5 9 5 8 3 4 3 6 7 8 7 10 3 6 3 6 0 4 0 1 4 6 4 8 5 9 5 8 8 10 8 10 7 9 7 11 6 10 6 10 5 6 5 7 7 8 7 8 0 4 0 3 6 10 6 8 6 7 6 7 3 5 3 5 9 11 9 12 3 7 3 7 2 3 2 5 4 5 4 6 5 6 5 9 3 6 3 4 0 1 0 1
Act 4 minLength 8 maxLength 12 Curve 1 3 1 2 1 2 1 5 3 7 3 7 5 7 5 6 3 5 3 7 0 1 0 4 1 5 1 5 5 9 5 8 6 7 6 10 5 9 5 7 2 6 2 3 2 6 2 5 1 4 1 4 0 4 0 1 2 3 2 3 8 12 8 9 10 11 10 12 4 8 4 7 0 3 0 2 2 3 2 5 3 4 3 6 2 3 2 6 0 3 0 4 0 1 0 4
Act 5 minLength 12 maxLength 16 Curve 0 4 0 1 0 2 0 2 1 2 1 4 1 5 1 3 1 4 1 5 0 4 0 3 1 4 1 2 3 6 3 5 3 5 3 6 3 5 3 5 1 2 1 3 1 2 1 3 0 3 0 2 0 3 0 2 0 1 0 3 0 4 0 3 0 4 0 4 0 2 0 1 0 1 0 3 3 4 3 6 3 6 3 6 3 7 3 6 0 2 0 4 0 3 0 2
