period 15
horizonLength 96
nbrDays 1
nbrTypEmployees 1
prAct 2
prCur 2
typParam 2
HD 1
nbrShiftTypes 2
ShtTyp 0 minPre 4 maxPre 16 breakLength 8 minPost 4 maxPost 16 minLength 32 maxLength 40 nbrStarts 96 Starts 0 1 2 3 4 5 6 7 8 9 10 11 12 13 14 15 16 17 18 19 20 21 22 23 24 25 26 27 28 29 30 31 32 33 34 35 36 37 38 39 40 41 42 43 44 45 46 47 48 49 50 51 52 53 54 55 56 57 58 59 60 61 62 63 64 65 66 67 68 69 70 71 72 73 74 75 76 77 78 79 80 81 82 83 84 85 86 87 88 89 90 91 92 93 94 95
ShtTyp 1 minPre 4 maxPre 16 breakLength 4 minPost 4 maxPost 16 minLength 24 maxLength 28 nbrStarts 96 Starts 0 1 2 3 4 5 6 7 8 9 10 11 12 13 14 15 16 17 18 19 20 21 22 23 24 25 26 27 28 29 30 31 32 33 34 35 36 37 38 39 40 41 42 43 44 45 46 47 48 49 50 51 52 53 54 55 56 57 58 59 60 61 62 63 64 65 66 67 68 69 70 71 72 73 74 75 76 77 78 79 80 81 82 83 84 85 86 87 88 89 90 91 92 93 94 95
nbrActs 6
Act 0 minLength 4 maxLength 8 Curve 2 4 2 5 3 4 3 5 8 12 8 12 4 8 4 8 3 4 3 7 0 3 0 4 6 8 6 8 5 9 5 7 3 4 3 6 12 14 12 14 6 7 6 9 3 4 3 6 3 5 3 5 0 3 0 2 1 4 1 3 2 4 2 3 3 6 3 6 1 3 1 3 2 5 2 6 1 4 1 3 4 7 4 7 1 3 1 3 1 3 1 4 0 3 0 1
Act 1 minLength 4 maxLength 12 Curve 3 4 3 6 8 11 8 12 3 4 3 4 6 7 6 7 7 10 7 10 0 4 0 1 5 8 5 6 9 12 9 11 13 14 13 16 8 12 8 12 1 5 1 4 3 6 3 5 2 3 2 5 0 1 0 1 3 5 3 4 5 8 5 9 2 4 2 3 5 9 5 6 2 6 2 5 5 8 5 6 2 6 2 5 4 5 4 6 3 6 3 7 0 3 0 3
Act 2 minLength 8 maxLength 16 Curve 1 3 1 4 2 6 2 6 3 7 3 4 4 7 4 7 2 4 2 6 0 2 0 1 0 4 0 2 2 5 2 3 4 5 4 8 3 7 3 4 2 3 2 6 3 5 3 6 2 4 2 6 0 2 0 3 4 5 4 6 6 10 6 8 4 7 4 5 3 5 3 4 1 3 1 5 1 3 1 3 3 4 3 4 3 7 3 4 0 1 0 1 0 4 0 4
Act 3 minLength 4 maxLength 8 Curve 2 4 2 5 3 7 3 6 6 8 6 10 7 8 7 9 3 4 3 7 0 4 0 3 1 3 1 5 9 13 9 11 6 8 6 7 9 10 9 12 6 8 6 7 6 8 6 10 1 4 1 3 0 3 0 4 1 5 1 3 3 6 3 5 6 7 6 9 6 7 6 10 2 6 2 6 2 4 2 5 6 7 6 9 5 7 5 7 2 5 2 4 0 4 0 2
Act 4 minLength 4 maxLength 12 Curve 4 7 4 7 3 7 3 4 8 11 8 12 9 12 9 12 4 6 4 8 0 2 0 2 0 3 0 2 4 5 4 8 8 10 8 10 8 11 8 11 3 7 3 7 4 6 4 5 2 5 2 6 0 3 0 4 1 5 1 4 4 6 4 8 5 8 5 6 6 10 6 7 3 4 3 4 7 9 7 11 1 5 1 4 4 8 4 5 1 2 1 4 0 2 0 4
Act 5 minLength 8 maxLength 16 Curve 0 1 0 3 2 4 2 3 4 7 4 5 2 4 2 3 1 4 1 4 0 1 0 3 0 2 0 4 3 7 3 6 8 11 8 12 8 12 8 9 3 7 3 5 2 4 2 5 1 3 1 3 0 1 0 3 0 3 0 1 1 3 1 3 1 5 1 3 0 2 0 1 0 2 0 3 1 2 1 5 1 2 1 2 0 2 0 1 0 4 0 3 0 2 0 4
