period 15
horizonLength 96
nbrDays 1
nbrTypEmployees 1
prAct 2
prCur 4
typParam 1
HD 1
nbrShiftTypes 1
ShtTyp 0 minPre 4 maxPre 16 breakLength 8 minPost 4 maxPost 16 minLength 32 maxLength 40 nbrStarts 96 Starts 0 1 2 3 4 5 6 7 8 9 10 11 12 13 14 15 16 17 18 19 20 21 22 23 24 25 26 27 28 29 30 31 32 33 34 35 36 37 38 39 40 41 42 43 44 45 46 47 48 49 50 51 52 53 54 55 56 57 58 59 60 61 62 63 64 65 66 67 68 69 70 71 72 73 74 75 76 77 78 79 80 81 82 83 84 85 86 87 88 89 90 91 92 93 94 95
nbrActs 3
Act 0 minLength 4 maxLength 8 Curve 1 2 1 5 5 9 5 6 7 11 7 9 8 10 8 10 6 9 6 7 0 1 0 2 4 6 4 8 6 9 6 10 13 14 13 16 14 16 14 18 7 8 7 11 6 10 6 8 5 9 5 7 0 2 0 1 6 10 6 8 10 12 10 14 6 9 6 8 12 15 12 16 4 7 4 8 3 6 3 5 3 7 3 7 5 9 5 9 2 4 2 4 0 3 0 3
Act 1 minLength 4 maxLength 12 Curve 5 6 5 6 7 9 7 10 12 14 12 16 6 9 6 8 3 7 3 5 0 3 0 3 2 4 2 5 12 16 12 14 10 13 10 12 13 17 13 14 8 11 8 11 12 13 12 16 4 8 4 7 0 2 0 1 1 5 1 5 10 11 10 13 12 13 12 14 9 10 9 10 5 6 5 8 4 5 4 7 4 5 4 5 8 9 8 12 2 5 2 5 0 4 0 3
Act 2 minLength 8 maxLength 16 Curve 1 4 1 4 3 5 3 4 5 9 5 8 10 13 10 13 8 12 8 12 0 1 0 4 1 5 1 2 6 8 6 10 12 15 12 15 18 22 18 20 14 15 14 17 11 14 11 12 9 11 9 13 0 4 0 1 4 6 4 8 9 10 9 11 11 13 11 12 8 9 8 9 4 6 4 7 10 14 10 13 10 14 10 14 4 8 4 8 0 1 0 4 0 3 0 3
