period 15
horizonLength 96
nbrDays 1
nbrTypEmployees 1
prAct 1
prCur 3
typParam 1
HD 1
nbrShiftTypes 1
ShtTyp 0 minPre 4 maxPre 16 breakLength 8 minPost 4 maxPost 16 minLength 32 maxLength 40 nbrStarts 96 Starts 0 1 2 3 4 5 6 7 8 9 10 11 12 13 14 15 16 17 18 19 20 21 22 23 24 25 26 27 28 29 30 31 32 33 34 35 36 37 38 39 40 41 42 43 44 45 46 47 48 49 50 51 52 53 54 55 56 57 58 59 60 61 62 63 64 65 66 67 68 69 70 71 72 73 74 75 76 77 78 79 80 81 82 83 84 85 86 87 88 89 90 91 92 93 94 95
nbrActs 3
Act 0 minLength 4 maxLength 8 Curve 3 6 3 4 8 11 8 9 6 8 6 9 8 12 8 10 3 7 3 6 0 2 0 2 6 8 6 9 7 9 7 10 4 7 4 6 6 10 6 7 9 10 9 10 8 9 8 9 3 5 3 5 0 3 0 2 2 3 2 5 8 12 8 12 4 5 4 8 5 7 5 6 1 4 1 2 6 10 6 9 5 7 5 6 3 4 3 7 3 6 3 4 0 1 0 3
Act 1 minLength 8 maxLength 12 Curve 2 6 2 5 4 5 4 6 10 14 10 11 12 14 12 15 10 12 10 12 0 3 0 2 3 5 3 6 11 15 11 13 19 21 19 22 21 23 21 24 9 11 9 13 12 13 12 15 12 13 12 13 0 1 0 1 4 7 4 8 10 12 10 12 14 17 14 16 14 17 14 15 3 7 3 5 6 10 6 9 5 9 5 7 7 10 7 10 4 6 4 8 0 4 0 1
Act 2 minLength 12 maxLength 16 Curve 5 8 5 7 7 8 7 11 11 15 11 13 7 10 7 8 4 5 4 8 0 2 0 2 1 2 1 4 9 10 9 11 13 14 13 16 15 18 15 18 9 12 9 10 7 9 7 11 3 5 3 5 0 1 0 2 3 5 3 7 9 10 9 11 9 12 9 13 8 11 8 10 2 5 2 4 4 7 4 5 6 9 6 9 6 7 6 9 3 5 3 6 0 4 0 3
