period 15
horizonLength 96
nbrDays 1
nbrTypEmployees 1
prAct 1
prCur 5
typParam 1
HD 1
nbrShiftTypes 1
ShtTyp 0 minPre 4 maxPre 16 breakLength 8 minPost 4 maxPost 16 minLength 32 maxLength 40 nbrStarts 96 Starts 0 1 2 3 4 5 6 7 8 9 10 11 12 13 14 15 16 17 18 19 20 21 22 23 24 25 26 27 28 29 30 31 32 33 34 35 36 37 38 39 40 41 42 43 44 45 46 47 48 49 50 51 52 53 54 55 56 57 58 59 60 61 62 63 64 65 66 67 68 69 70 71 72 73 74 75 76 77 78 79 80 81 82 83 84 85 86 87 88 89 90 91 92 93 94 95
nbrActs 6
Act 0 minLength 4 maxLength 8 Curve 1 3 1 5 1 5 1 4 4 8 4 5 9 10 9 11 3 5 3 5 0 1 0 1 1 4 1 3 7 8 7 9 5 9 5 9 11 14 11 13 6 8 6 9 3 6 3 7 8 9 8 9 0 3 0 1 1 3 1 5 11 12 11 14 4 6 4 7 6 10 6 9 2 3 2 6 2 6 2 3 2 5 2 3 3 7 3 6 2 4 2 5 0 3 0 4
Act 1 minLength 8 maxLength 12 Curve 1 2 1 2 3 4 3 7 4 7 4 6 3 4 3 7 2 6 2 4 0 4 0 4 1 5 1 4 2 4 2 6 5 8 5 7 10 14 10 11 8 10 8 12 10 14 10 14 5 7 5 8 0 4 0 3 2 3 2 4 7 10 7 9 12 13 12 15 8 12 8 10 2 5 2 5 4 7 4 7 3 7 3 7 3 7 3 6 1 2 1 2 0 4 0 3
Act 2 minLength 12 maxLength 16 Curve 1 5 1 3 2 3 2 6 3 4 3 6 3 4 3 5 1 3 1 3 0 4 0 1 0 2 0 3 1 4 1 4 1 5 1 4 2 6 2 4 4 6 4 8 4 8 4 8 3 5 3 4 0 1 0 2 1 3 1 2 2 3 2 6 2 4 2 6 1 3 1 2 1 5 1 4 3 4 3 7 4 5 4 7 4 7 4 5 2 4 2 5 0 1 0 4
Act 3 minLength 4 maxLength 8 Curve 2 5 2 3 2 5 2 5 4 7 4 5 3 7 3 6 4 7 4 5 0 4 0 4 4 8 4 7 2 6 2 3 11 13 11 13 11 12 11 15 8 9 8 10 6 8 6 10 4 6 4 6 0 3 0 3 6 10 6 9 8 11 8 11 6 8 6 8 13 16 13 16 3 5 3 7 3 5 3 7 2 6 2 5 2 3 2 5 1 4 1 5 0 4 0 1
Act 4 minLength 8 maxLength 12 Curve 3 7 3 5 6 10 6 9 3 7 3 4 0 3 0 3 0 2 0 2 0 1 0 3 1 4 1 2 5 6 5 6 6 10 6 10 3 7 3 4 8 12 8 12 11 13 11 14 5 6 5 6 0 1 0 2 1 2 1 5 6 10 6 9 10 12 10 11 6 7 6 8 0 1 0 4 1 2 1 4 2 4 2 5 1 3 1 2 0 1 0 3 0 4 0 1
Act 5 minLength 12 maxLength 16 Curve 0 4 0 1 0 1 0 4 1 3 1 4 1 3 1 5 1 3 1 2 0 1 0 2 1 5 1 2 2 3 2 3 2 4 2 6 3 6 3 4 3 6 3 6 3 7 3 7 1 3 1 2 0 2 0 2 0 3 0 2 3 6 3 7 3 7 3 7 3 6 3 6 0 3 0 1 1 5 1 2 1 5 1 4 1 3 1 3 0 4 0 4 0 3 0 4
