period 15
horizonLength 96
nbrDays 1
nbrTypEmployees 1
prAct 2
prCur 5
typParam 2
HD 2
nbrShiftTypes 2
ShtTyp 0 minPre 4 maxPre 16 breakLength 8 minPost 4 maxPost 16 minLength 32 maxLength 40 nbrStarts 48 Starts 0 2 4 6 8 10 12 14 16 18 20 22 24 26 28 30 32 34 36 38 40 42 44 46 48 50 52 54 56 58 60 62 64 66 68 70 72 74 76 78 80 82 84 86 88 90 92 94
ShtTyp 1 minPre 4 maxPre 16 breakLength 4 minPost 4 maxPost 16 minLength 24 maxLength 28 nbrStarts 48 Starts 0 2 4 6 8 10 12 14 16 18 20 22 24 26 28 30 32 34 36 38 40 42 44 46 48 50 52 54 56 58 60 62 64 66 68 70 72 74 76 78 80 82 84 86 88 90 92 94
nbrActs 9
Act 0 minLength 4 maxLength 8 Curve 1 3 1 3 0 3 0 4 3 7 3 6 3 7 3 5 2 5 2 5 0 4 0 4 1 4 1 2 2 5 2 3 6 7 6 10 7 9 7 8 8 9 8 9 2 6 2 3 3 4 3 6 0 3 0 4 2 6 2 5 6 8 6 8 4 7 4 5 4 7 4 7 1 3 1 5 3 4 3 6 1 3 1 3 3 7 3 7 2 3 2 4 0 3 0 3
Act 1 minLength 4 maxLength 12 Curve 2 5 2 4 2 5 2 4 3 5 3 7 4 7 4 7 2 3 2 3 0 1 0 4 0 1 0 4 3 4 3 4 5 9 5 6 5 9 5 7 3 4 3 6 4 8 4 7 2 5 2 3 0 3 0 1 4 5 4 8 4 7 4 8 4 5 4 7 6 8 6 10 2 5 2 3 2 4 2 6 4 5 4 5 1 4 1 4 0 1 0 4 0 1 0 2
Act 2 minLength 8 maxLength 16 Curve 0 2 0 3 1 2 1 5 1 5 1 4 0 2 0 3 0 2 0 2 0 3 0 1 0 4 0 4 1 5 1 5 1 3 1 3 0 1 0 3 0 4 0 3 1 3 1 4 1 2 1 2 0 4 0 2 0 1 0 3 2 5 2 6 3 6 3 7 1 2 1 5 0 2 0 1 0 2 0 3 0 1 0 3 1 4 1 5 1 5 1 4 0 2 0 1
Act 3 minLength 4 maxLength 8 Curve 0 4 0 3 2 4 2 6 3 5 3 4 4 6 4 8 1 4 1 5 0 4 0 2 1 2 1 5 3 5 3 7 4 5 4 5 8 11 8 9 4 6 4 8 5 6 5 9 3 5 3 5 0 2 0 4 1 5 1 2 1 5 1 2 7 10 7 11 4 5 4 5 1 2 1 3 1 3 1 4 1 5 1 2 1 4 1 4 1 3 1 2 0 3 0 1
Act 4 minLength 4 maxLength 12 Curve 0 3 0 4 4 7 4 8 3 6 3 6 0 2 0 1 7 9 7 11 0 2 0 4 1 5 1 5 2 6 2 5 3 4 3 6 8 10 8 12 5 8 5 8 6 7 6 10 2 5 2 5 0 1 0 4 4 5 4 8 3 6 3 6 7 9 7 11 6 9 6 10 1 2 1 3 4 6 4 5 2 3 2 6 4 6 4 8 4 7 4 7 0 4 0 2
Act 5 minLength 8 maxLength 16 Curve 0 2 0 4 0 2 0 1 1 2 1 2 1 2 1 2 0 1 0 3 0 2 0 4 0 1 0 1 0 2 0 1 3 6 3 6 3 6 3 4 2 5 2 5 1 2 1 5 0 3 0 1 0 2 0 3 1 2 1 2 3 4 3 4 2 4 2 6 0 1 0 4 0 1 0 1 1 5 1 5 1 4 1 5 0 2 0 3 0 1 0 3 0 3 0 4
Act 6 minLength 4 maxLength 8 Curve 2 5 2 3 1 3 1 3 2 4 2 3 2 6 2 6 0 4 0 1 0 1 0 4 1 5 1 5 6 10 6 9 9 10 9 10 8 9 8 10 5 9 5 8 9 10 9 10 2 3 2 5 0 4 0 4 3 6 3 6 6 7 6 9 2 5 2 3 5 6 5 8 1 4 1 3 3 7 3 7 2 6 2 6 1 2 1 4 0 2 0 2 0 3 0 3
Act 7 minLength 4 maxLength 12 Curve 2 3 2 3 4 7 4 6 5 8 5 8 8 9 8 11 3 4 3 6 0 1 0 2 3 4 3 6 5 7 5 6 7 10 7 8 6 8 6 8 5 8 5 7 4 7 4 7 2 3 2 3 0 3 0 3 2 3 2 5 7 9 7 8 3 6 3 4 6 8 6 10 0 2 0 2 1 5 1 4 2 3 2 5 2 3 2 5 1 2 1 5 0 2 0 3
Act 8 minLength 8 maxLength 16 Curve 0 2 0 4 1 3 1 3 1 5 1 2 0 1 0 2 0 2 0 1 0 1 0 2 0 2 0 2 0 4 0 3 1 2 1 2 1 3 1 2 0 4 0 1 0 3 0 2 0 1 0 4 0 1 0 4 0 1 0 2 0 4 0 3 0 1 0 3 0 4 0 3 0 4 0 1 1 2 1 4 3 5 3 4 3 4 3 4 1 5 1 3 0 4 0 3
