period 15
horizonLength 96
nbrDays 1
nbrTypEmployees 1
prAct 1
prCur 5
typParam 1
HD 3
nbrShiftTypes 1
ShtTyp 0 minPre 4 maxPre 16 breakLength 8 minPost 4 maxPost 16 minLength 32 maxLength 40 nbrStarts 32 Starts 0 3 6 9 12 15 18 21 24 27 30 33 36 39 42 45 48 51 54 57 60 63 66 69 72 75 78 81 84 87 90 93
nbrActs 6
Act 0 minLength 4 maxLength 8 Curve 1 4 1 2 1 2 1 2 4 7 4 6 9 12 9 13 3 5 3 4 0 4 0 1 1 5 1 5 7 11 7 9 5 8 5 8 11 13 11 13 6 10 6 10 3 4 3 5 8 9 8 11 0 2 0 1 1 3 1 3 11 15 11 12 4 8 4 7 6 9 6 9 2 3 2 6 2 3 2 3 2 4 2 6 3 4 3 6 2 5 2 3 0 1 0 2
Act 1 minLength 8 maxLength 12 Curve 1 5 1 3 3 7 3 5 4 8 4 8 3 6 3 5 2 3 2 5 0 3 0 2 1 4 1 3 2 3 2 3 5 8 5 6 10 12 10 12 8 12 8 11 10 13 10 11 5 6 5 9 0 3 0 3 2 5 2 3 7 10 7 9 12 15 12 16 8 12 8 9 2 5 2 4 4 7 4 8 3 4 3 6 3 6 3 6 1 4 1 2 0 3 0 4
Act 2 minLength 12 maxLength 16 Curve 1 2 1 5 2 3 2 3 3 4 3 4 3 7 3 5 1 3 1 3 0 3 0 4 0 4 0 1 1 2 1 2 1 2 1 5 2 5 2 4 4 8 4 5 4 8 4 7 3 6 3 4 0 3 0 3 1 2 1 2 2 5 2 3 2 3 2 5 1 2 1 4 1 4 1 5 3 6 3 6 4 6 4 7 4 6 4 7 2 6 2 6 0 2 0 4
Act 3 minLength 4 maxLength 8 Curve 2 3 2 6 2 5 2 6 4 6 4 7 3 6 3 6 4 6 4 6 0 2 0 1 4 7 4 7 2 6 2 5 11 12 11 12 11 14 11 14 8 11 8 9 6 10 6 7 4 5 4 8 0 2 0 2 6 7 6 7 8 9 8 11 6 9 6 7 13 15 13 16 3 4 3 5 3 5 3 6 2 3 2 6 2 3 2 5 1 2 1 2 0 1 0 2
Act 4 minLength 8 maxLength 12 Curve 3 4 3 5 6 9 6 8 3 4 3 7 0 3 0 1 0 1 0 1 0 4 0 4 1 4 1 2 5 9 5 8 6 9 6 9 3 6 3 5 8 11 8 9 11 14 11 13 5 8 5 7 0 4 0 1 1 4 1 4 6 10 6 7 10 11 10 12 6 7 6 8 0 1 0 3 1 2 1 4 2 3 2 4 1 4 1 4 0 3 0 4 0 4 0 4
Act 5 minLength 12 maxLength 16 Curve 0 2 0 3 0 4 0 1 1 2 1 3 1 3 1 2 1 4 1 3 0 1 0 1 1 5 1 5 2 4 2 6 2 6 2 6 3 6 3 6 3 6 3 7 3 4 3 7 1 2 1 5 0 1 0 1 0 2 0 4 3 7 3 7 3 4 3 6 3 7 3 6 0 3 0 4 1 5 1 5 1 2 1 4 1 3 1 4 0 1 0 3 0 4 0 4
