period 15
horizonLength 96
nbrDays 1
nbrTypEmployees 1
prAct 1
prCur 3
typParam 1
HD 1
nbrShiftTypes 1
ShtTyp 0 minPre 4 maxPre 16 breakLength 8 minPost 4 maxPost 16 minLength 32 maxLength 40 nbrStarts 96 Starts 0 1 2 3 4 5 6 7 8 9 10 11 12 13 14 15 16 17 18 19 20 21 22 23 24 25 26 27 28 29 30 31 32 33 34 35 36 37 38 39 40 41 42 43 44 45 46 47 48 49 50 51 52 53 54 55 56 57 58 59 60 61 62 63 64 65 66 67 68 69 70 71 72 73 74 75 76 77 78 79 80 81 82 83 84 85 86 87 88 89 90 91 92 93 94 95
nbrActs 9
Act 0 minLength 4 maxLength 8 Curve 1 3 1 4 3 7 3 4 4 8 4 7 2 5 2 4 4 6 4 7 0 3 0 4 3 4 3 5 4 8 4 5 5 7 5 7 9 12 9 10 4 5 4 5 6 10 6 10 5 8 5 8 0 3 0 1 1 3 1 2 5 7 5 8 2 5 2 5 6 7 6 8 3 6 3 7 8 12 8 11 2 4 2 4 5 8 5 8 3 7 3 6 0 1 0 2
Act 1 minLength 8 maxLength 12 Curve 2 5 2 4 3 7 3 7 7 8 7 10 6 8 6 9 3 7 3 6 0 2 0 2 1 5 1 2 4 5 4 8 5 9 5 7 5 7 5 7 4 5 4 8 2 4 2 3 2 6 2 4 0 3 0 3 1 4 1 2 3 7 3 7 3 7 3 6 1 4 1 5 0 2 0 3 3 4 3 4 4 6 4 7 2 6 2 4 0 2 0 2 0 2 0 1
Act 2 minLength 12 maxLength 16 Curve 0 2 0 2 0 4 0 1 0 4 0 3 0 3 0 3 0 3 0 3 0 1 0 1 0 1 0 3 1 2 1 3 1 4 1 3 1 5 1 2 0 1 0 2 0 4 0 3 0 1 0 1 0 2 0 2 0 1 0 3 1 5 1 4 1 4 1 3 1 3 1 5 0 1 0 3 0 3 0 1 0 4 0 4 0 4 0 1 0 1 0 4 0 4 0 4
Act 3 minLength 4 maxLength 8 Curve 2 4 2 6 2 6 2 5 3 4 3 6 4 7 4 5 3 6 3 4 0 3 0 1 2 3 2 3 6 9 6 9 4 7 4 6 8 11 8 12 1 3 1 4 3 5 3 5 3 6 3 7 0 2 0 2 1 2 1 2 3 5 3 4 3 6 3 5 8 10 8 12 3 7 3 4 5 7 5 6 5 6 5 9 4 5 4 5 3 6 3 4 0 2 0 2
Act 4 minLength 8 maxLength 12 Curve 1 4 1 4 1 3 1 5 0 1 0 3 0 1 0 3 0 4 0 3 0 1 0 2 0 2 0 3 2 6 2 4 3 7 3 4 2 6 2 5 4 6 4 6 4 6 4 6 1 3 1 5 0 4 0 4 1 5 1 2 2 3 2 3 3 7 3 6 2 3 2 4 0 4 0 3 2 3 2 5 4 5 4 8 4 7 4 7 1 4 1 4 0 3 0 2
Act 5 minLength 12 maxLength 16 Curve 0 1 0 1 0 3 0 2 0 1 0 1 0 2 0 3 0 3 0 3 0 2 0 4 0 3 0 4 0 3 0 4 0 4 0 2 0 4 0 3 0 1 0 4 0 4 0 2 0 1 0 3 0 4 0 4 0 4 0 4 0 4 0 2 0 4 0 3 0 1 0 2 0 4 0 4 0 2 0 4 0 4 0 3 0 1 0 4 0 4 0 4 0 2 0 1
Act 6 minLength 4 maxLength 8 Curve 3 4 3 7 4 5 4 8 7 11 7 10 7 11 7 8 2 5 2 4 0 3 0 3 3 7 3 6 5 9 5 6 8 12 8 9 10 13 10 14 5 8 5 9 5 8 5 7 4 7 4 7 0 2 0 3 1 2 1 4 5 8 5 6 7 8 7 9 3 4 3 5 4 8 4 5 4 5 4 8 5 7 5 6 5 6 5 8 5 8 5 7 0 4 0 4
Act 7 minLength 8 maxLength 12 Curve 0 3 0 1 0 2 0 4 2 6 2 3 4 7 4 7 3 7 3 7 0 3 0 3 0 2 0 2 3 5 3 5 5 7 5 9 4 5 4 5 4 7 4 5 2 5 2 5 1 2 1 3 0 3 0 3 1 2 1 3 2 3 2 6 2 4 2 3 0 4 0 1 0 1 0 4 1 5 1 5 3 7 3 6 3 4 3 7 1 5 1 4 0 3 0 4
Act 8 minLength 12 maxLength 16 Curve 0 4 0 1 1 4 1 2 2 5 2 3 2 4 2 5 1 5 1 5 0 3 0 2 0 3 0 1 0 3 0 1 0 2 0 2 0 1 0 4 0 1 0 4 0 4 0 3 0 3 0 2 0 4 0 4 0 2 0 2 1 4 1 3 1 4 1 2 1 2 1 3 0 2 0 1 0 3 0 1 0 2 0 4 0 2 0 3 0 1 0 1 0 1 0 3
