period 15
horizonLength 96
nbrDays 1
nbrTypEmployees 1
prAct 1
prCur 1
typParam 2
HD 1
nbrShiftTypes 2
ShtTyp 0 minPre 4 maxPre 16 breakLength 8 minPost 4 maxPost 16 minLength 32 maxLength 40 nbrStarts 96 Starts 0 1 2 3 4 5 6 7 8 9 10 11 12 13 14 15 16 17 18 19 20 21 22 23 24 25 26 27 28 29 30 31 32 33 34 35 36 37 38 39 40 41 42 43 44 45 46 47 48 49 50 51 52 53 54 55 56 57 58 59 60 61 62 63 64 65 66 67 68 69 70 71 72 73 74 75 76 77 78 79 80 81 82 83 84 85 86 87 88 89 90 91 92 93 94 95
ShtTyp 1 minPre 4 maxPre 16 breakLength 4 minPost 4 maxPost 16 minLength 24 maxLength 28 nbrStarts 96 Starts 0 1 2 3 4 5 6 7 8 9 10 11 12 13 14 15 16 17 18 19 20 21 22 23 24 25 26 27 28 29 30 31 32 33 34 35 36 37 38 39 40 41 42 43 44 45 46 47 48 49 50 51 52 53 54 55 56 57 58 59 60 61 62 63 64 65 66 67 68 69 70 71 72 73 74 75 76 77 78 79 80 81 82 83 84 85 86 87 88 89 90 91 92 93 94 95
nbrActs 3
Act 0 minLength 4 maxLength 8 Curve 4 8 4 8 7 9 7 11 7 8 7 11 6 7 6 8 6 8 6 7 0 2 0 2 7 9 7 11 10 14 10 14 6 9 6 8 10 12 10 12 1 4 1 2 4 7 4 8 4 7 4 6 0 2 0 1 1 4 1 5 7 8 7 11 3 5 3 5 7 11 7 11 1 5 1 5 1 5 1 4 3 4 3 5 7 9 7 9 4 5 4 6 0 1 0 2
Act 1 minLength 8 maxLength 12 Curve 2 6 2 5 7 8 7 9 16 20 16 19 19 23 19 20 13 17 13 14 0 3 0 2 2 6 2 6 12 16 12 16 22 23 22 26 27 28 27 30 14 15 14 17 11 14 11 14 6 10 6 10 0 3 0 2 4 7 4 7 9 11 9 10 13 14 13 16 12 16 12 16 4 6 4 5 8 12 8 9 5 6 5 8 2 3 2 3 0 3 0 2 0 4 0 4
Act 2 minLength 12 maxLength 16 Curve 5 7 5 8 8 10 8 12 10 14 10 14 8 9 8 9 3 4 3 5 0 4 0 3 2 3 2 4 11 14 11 15 14 16 14 18 13 16 13 15 11 14 11 14 11 15 11 14 7 9 7 9 0 4 0 4 4 6 4 8 10 13 10 14 10 13 10 12 7 9 7 8 1 2 1 2 2 5 2 3 3 7 3 6 2 3 2 3 1 2 1 5 0 2 0 3
