period 15
horizonLength 96
nbrDays 1
nbrTypEmployees 1
prAct 2
prCur 2
typParam 2
HD 1
nbrShiftTypes 2
ShtTyp 0 minPre 4 maxPre 16 breakLength 8 minPost 4 maxPost 16 minLength 32 maxLength 40 nbrStarts 96 Starts 0 1 2 3 4 5 6 7 8 9 10 11 12 13 14 15 16 17 18 19 20 21 22 23 24 25 26 27 28 29 30 31 32 33 34 35 36 37 38 39 40 41 42 43 44 45 46 47 48 49 50 51 52 53 54 55 56 57 58 59 60 61 62 63 64 65 66 67 68 69 70 71 72 73 74 75 76 77 78 79 80 81 82 83 84 85 86 87 88 89 90 91 92 93 94 95
ShtTyp 1 minPre 4 maxPre 16 breakLength 4 minPost 4 maxPost 16 minLength 24 maxLength 28 nbrStarts 96 Starts 0 1 2 3 4 5 6 7 8 9 10 11 12 13 14 15 16 17 18 19 20 21 22 23 24 25 26 27 28 29 30 31 32 33 34 35 36 37 38 39 40 41 42 43 44 45 46 47 48 49 50 51 52 53 54 55 56 57 58 59 60 61 62 63 64 65 66 67 68 69 70 71 72 73 74 75 76 77 78 79 80 81 82 83 84 85 86 87 88 89 90 91 92 93 94 95
nbrActs 3
Act 0 minLength 4 maxLength 8 Curve 2 3 2 6 8 9 8 11 7 10 7 8 7 9 7 10 8 11 8 12 0 1 0 2 4 7 4 6 9 11 9 12 7 10 7 8 17 21 17 19 6 9 6 8 6 9 6 10 7 8 7 10 0 4 0 4 1 2 1 3 5 7 5 7 1 2 1 3 6 9 6 8 6 9 6 8 5 8 5 6 4 5 4 7 7 8 7 10 5 8 5 8 0 1 0 4
Act 1 minLength 4 maxLength 12 Curve 4 5 4 8 5 7 5 9 14 15 14 15 14 17 14 16 9 11 9 10 0 1 0 1 3 6 3 5 11 13 11 13 13 14 13 14 13 15 13 16 6 10 6 8 8 12 8 9 7 9 7 10 0 4 0 3 2 6 2 5 9 11 9 10 7 10 7 11 5 9 5 6 1 2 1 4 7 8 7 11 9 11 9 12 8 12 8 10 2 6 2 3 0 4 0 4
Act 2 minLength 8 maxLength 16 Curve 3 5 3 7 6 9 6 7 9 13 9 10 9 10 9 12 4 6 4 7 0 2 0 1 2 3 2 6 10 11 10 11 14 15 14 17 12 14 12 15 8 11 8 10 6 7 6 8 2 3 2 6 0 2 0 1 1 4 1 2 6 9 6 8 12 13 12 16 9 13 9 11 3 6 3 6 8 12 8 10 7 9 7 11 5 8 5 6 3 5 3 6 0 4 0 4
