period 15
horizonLength 96
nbrDays 1
nbrTypEmployees 1
prAct 2
prCur 3
typParam 1
HD 1
nbrShiftTypes 1
ShtTyp 0 minPre 4 maxPre 16 breakLength 8 minPost 4 maxPost 16 minLength 32 maxLength 40 nbrStarts 96 Starts 0 1 2 3 4 5 6 7 8 9 10 11 12 13 14 15 16 17 18 19 20 21 22 23 24 25 26 27 28 29 30 31 32 33 34 35 36 37 38 39 40 41 42 43 44 45 46 47 48 49 50 51 52 53 54 55 56 57 58 59 60 61 62 63 64 65 66 67 68 69 70 71 72 73 74 75 76 77 78 79 80 81 82 83 84 85 86 87 88 89 90 91 92 93 94 95
nbrActs 3
Act 0 minLength 4 maxLength 8 Curve 1 4 1 5 4 7 4 5 12 16 12 14 7 8 7 11 8 10 8 11 0 1 0 2 3 6 3 5 12 16 12 16 12 13 12 14 10 13 10 14 9 11 9 11 8 11 8 11 8 10 8 10 0 1 0 2 2 4 2 3 6 10 6 9 3 4 3 6 7 10 7 9 3 4 3 7 4 8 4 5 1 2 1 3 0 4 0 1 1 4 1 3 0 1 0 3
Act 1 minLength 4 maxLength 12 Curve 3 6 3 5 4 8 4 6 5 7 5 6 13 17 13 16 11 13 11 13 0 2 0 2 5 7 5 9 11 13 11 13 7 10 7 8 19 21 19 20 7 9 7 10 7 9 7 10 4 8 4 5 0 3 0 4 5 8 5 9 8 11 8 9 7 11 7 11 10 14 10 12 2 4 2 6 3 7 3 5 2 4 2 4 6 9 6 9 3 6 3 5 0 4 0 2
Act 2 minLength 8 maxLength 16 Curve 4 6 4 7 11 12 11 15 16 18 16 18 13 16 13 15 6 10 6 8 0 2 0 4 0 3 0 3 10 12 10 11 22 23 22 24 20 24 20 24 8 9 8 12 9 10 9 11 4 6 4 6 0 2 0 1 1 2 1 5 10 14 10 14 14 18 14 16 7 11 7 8 3 4 3 7 6 8 6 7 10 14 10 11 7 10 7 11 1 3 1 2 0 3 0 3
