period 15
horizonLength 96
nbrDays 1
nbrTypEmployees 1
prAct 1
prCur 4
typParam 1
HD 1
nbrShiftTypes 1
ShtTyp 0 minPre 4 maxPre 16 breakLength 8 minPost 4 maxPost 16 minLength 32 maxLength 40 nbrStarts 96 Starts 0 1 2 3 4 5 6 7 8 9 10 11 12 13 14 15 16 17 18 19 20 21 22 23 24 25 26 27 28 29 30 31 32 33 34 35 36 37 38 39 40 41 42 43 44 45 46 47 48 49 50 51 52 53 54 55 56 57 58 59 60 61 62 63 64 65 66 67 68 69 70 71 72 73 74 75 76 77 78 79 80 81 82 83 84 85 86 87 88 89 90 91 92 93 94 95
nbrActs 3
Act 0 minLength 4 maxLength 8 Curve 3 5 3 4 3 6 3 6 5 7 5 8 6 10 6 7 2 3 2 5 0 3 0 2 1 5 1 5 6 9 6 8 8 11 8 10 13 14 13 15 9 10 9 12 3 4 3 6 6 9 6 9 0 4 0 4 4 7 4 6 9 10 9 11 0 3 0 4 2 4 2 3 8 12 8 11 5 7 5 7 1 5 1 3 4 8 4 5 4 7 4 7 0 1 0 4
Act 1 minLength 8 maxLength 12 Curve 4 6 4 7 5 6 5 8 7 10 7 8 8 11 8 9 5 6 5 8 0 4 0 4 7 11 7 10 11 15 11 15 12 15 12 15 17 20 17 18 9 13 9 10 15 17 15 18 11 14 11 15 0 4 0 1 2 4 2 5 11 13 11 13 20 24 20 23 18 20 18 21 3 5 3 6 9 10 9 10 12 16 12 13 9 11 9 10 2 4 2 4 0 2 0 2
Act 2 minLength 12 maxLength 16 Curve 3 4 3 5 7 10 7 11 11 15 11 13 9 11 9 10 6 10 6 9 0 2 0 3 2 5 2 5 6 10 6 9 9 10 9 10 11 14 11 14 10 13 10 11 10 13 10 12 5 9 5 9 0 3 0 1 0 1 0 2 8 10 8 11 8 9 8 10 8 9 8 12 1 4 1 2 5 6 5 8 6 10 6 9 6 10 6 7 1 4 1 4 0 3 0 4
