period 15
horizonLength 96
nbrDays 1
nbrTypEmployees 1
prAct 1
prCur 1
typParam 2
HD 2
nbrShiftTypes 2
ShtTyp 0 minPre 4 maxPre 16 breakLength 8 minPost 4 maxPost 16 minLength 32 maxLength 40 nbrStarts 48 Starts 0 2 4 6 8 10 12 14 16 18 20 22 24 26 28 30 32 34 36 38 40 42 44 46 48 50 52 54 56 58 60 62 64 66 68 70 72 74 76 78 80 82 84 86 88 90 92 94
ShtTyp 1 minPre 4 maxPre 16 breakLength 4 minPost 4 maxPost 16 minLength 24 maxLength 28 nbrStarts 48 Starts 0 2 4 6 8 10 12 14 16 18 20 22 24 26 28 30 32 34 36 38 40 42 44 46 48 50 52 54 56 58 60 62 64 66 68 70 72 74 76 78 80 82 84 86 88 90 92 94
nbrActs 9
Act 0 minLength 4 maxLength 8 Curve 5 9 5 7 4 6 4 7 3 6 3 4 3 7 3 4 7 9 7 10 0 1 0 4 3 6 3 5 10 11 10 13 7 8 7 9 9 13 9 12 3 5 3 5 6 9 6 7 6 7 6 10 0 3 0 1 2 3 2 6 5 7 5 9 6 8 6 7 11 14 11 13 3 6 3 4 2 6 2 3 1 3 1 2 1 4 1 4 1 5 1 5 0 1 0 1
Act 1 minLength 8 maxLength 12 Curve 1 5 1 3 1 4 1 3 1 2 1 4 3 7 3 5 2 5 2 4 0 1 0 1 0 4 0 2 1 5 1 3 1 3 1 5 5 8 5 7 9 12 9 11 7 11 7 9 2 3 2 3 0 3 0 1 0 1 0 3 3 4 3 5 7 9 7 10 4 7 4 7 0 4 0 4 0 1 0 3 3 6 3 5 4 6 4 7 2 5 2 5 0 4 0 4
Act 2 minLength 12 maxLength 16 Curve 0 3 0 2 0 1 0 3 1 2 1 5 1 3 1 5 1 4 1 5 0 1 0 2 1 4 1 4 2 6 2 3 2 3 2 6 3 5 3 7 1 4 1 5 1 5 1 4 1 3 1 3 0 1 0 2 0 4 0 1 0 1 0 2 0 2 0 2 0 2 0 4 0 2 0 4 1 2 1 4 1 5 1 4 1 5 1 5 0 2 0 1 0 3 0 1
Act 3 minLength 4 maxLength 8 Curve 2 6 2 3 4 5 4 6 9 10 9 12 5 7 5 7 3 7 3 4 0 1 0 2 2 4 2 3 5 7 5 9 5 8 5 8 11 13 11 13 5 8 5 7 3 4 3 7 6 9 6 10 0 2 0 4 1 4 1 4 6 7 6 8 4 7 4 7 6 9 6 8 2 3 2 4 3 4 3 4 1 3 1 4 2 6 2 4 1 3 1 3 0 1 0 2
Act 4 minLength 8 maxLength 12 Curve 0 1 0 2 1 2 1 2 3 7 3 7 2 4 2 5 0 4 0 4 0 1 0 1 0 2 0 2 2 5 2 4 4 7 4 7 4 5 4 7 4 5 4 7 3 6 3 6 0 3 0 3 0 3 0 2 1 4 1 5 2 4 2 3 2 5 2 6 1 4 1 5 1 3 1 4 1 2 1 5 1 2 1 4 1 2 1 4 0 2 0 4 0 3 0 2
Act 5 minLength 12 maxLength 16 Curve 0 2 0 1 0 4 0 2 0 3 0 1 0 3 0 2 0 3 0 1 0 4 0 2 0 2 0 4 0 3 0 1 0 1 0 2 0 1 0 2 1 5 1 2 1 4 1 4 1 5 1 2 0 3 0 2 0 3 0 1 2 5 2 6 2 4 2 5 2 3 2 5 0 4 0 2 0 2 0 2 0 2 0 2 0 1 0 2 0 3 0 4 0 3 0 4
Act 6 minLength 4 maxLength 8 Curve 0 3 0 1 4 7 4 5 5 6 5 6 6 8 6 9 3 6 3 6 0 4 0 2 2 4 2 4 4 6 4 6 7 11 7 10 12 16 12 15 6 7 6 8 7 11 7 10 9 13 9 12 0 3 0 3 0 4 0 4 9 10 9 10 5 6 5 9 4 5 4 8 2 3 2 5 4 6 4 8 4 8 4 7 3 5 3 6 0 3 0 4 0 2 0 1
Act 7 minLength 8 maxLength 12 Curve 0 4 0 3 1 4 1 4 4 8 4 7 6 7 6 9 3 6 3 5 0 4 0 3 0 4 0 3 3 7 3 4 5 9 5 9 2 4 2 3 1 3 1 2 2 3 2 3 1 5 1 2 0 4 0 2 0 3 0 3 3 4 3 6 4 8 4 5 2 4 2 5 0 1 0 3 1 5 1 3 1 3 1 2 0 1 0 4 0 4 0 4 0 1 0 3
Act 8 minLength 12 maxLength 16 Curve 0 2 0 2 1 5 1 5 1 3 1 4 1 5 1 5 0 4 0 1 0 4 0 2 0 1 0 2 0 3 0 3 0 4 0 2 0 2 0 2 1 5 1 3 1 4 1 4 1 2 1 2 0 1 0 3 0 2 0 1 1 2 1 3 1 5 1 5 1 2 1 5 0 4 0 4 0 3 0 3 0 4 0 2 0 3 0 2 0 4 0 4 0 4 0 3
