period 15
horizonLength 96
nbrDays 1
nbrTypEmployees 1
prAct 2
prCur 3
typParam 1
HD 2
nbrShiftTypes 1
ShtTyp 0 minPre 4 maxPre 16 breakLength 8 minPost 4 maxPost 16 minLength 32 maxLength 40 nbrStarts 48 Starts 0 2 4 6 8 10 12 14 16 18 20 22 24 26 28 30 32 34 36 38 40 42 44 46 48 50 52 54 56 58 60 62 64 66 68 70 72 74 76 78 80 82 84 86 88 90 92 94
nbrActs 6
Act 0 minLength 4 maxLength 8 Curve 3 4 3 7 7 11 7 11 3 4 3 5 1 4 1 2 5 9 5 6 0 3 0 3 3 5 3 4 7 8 7 11 7 11 7 11 9 12 9 11 10 13 10 14 4 5 4 5 4 5 4 5 0 4 0 4 4 8 4 5 3 5 3 7 3 6 3 4 3 5 3 4 1 5 1 5 4 5 4 6 8 11 8 12 2 4 2 3 0 4 0 1 0 1 0 4
Act 1 minLength 4 maxLength 12 Curve 2 3 2 4 1 2 1 2 6 9 6 8 9 12 9 10 5 7 5 7 0 4 0 4 2 5 2 5 9 10 9 10 8 10 8 9 9 10 9 13 1 2 1 3 9 13 9 12 4 7 4 8 0 3 0 3 2 4 2 5 6 8 6 9 3 5 3 4 4 7 4 7 1 5 1 5 4 6 4 8 1 5 1 3 2 3 2 3 4 8 4 8 0 1 0 2
Act 2 minLength 8 maxLength 16 Curve 1 2 1 2 2 4 2 3 4 5 4 6 3 5 3 4 0 4 0 3 0 4 0 4 0 3 0 2 0 1 0 1 2 4 2 5 2 3 2 5 2 5 2 6 2 4 2 5 1 3 1 5 0 4 0 2 0 1 0 3 2 5 2 4 6 10 6 8 5 9 5 9 0 3 0 2 3 5 3 5 3 6 3 6 0 2 0 4 0 2 0 4 0 3 0 4
Act 3 minLength 4 maxLength 8 Curve 1 3 1 3 3 4 3 6 7 10 7 9 3 7 3 5 2 6 2 4 0 2 0 3 1 4 1 2 4 5 4 6 9 12 9 13 7 11 7 9 6 7 6 9 3 5 3 6 4 8 4 8 0 1 0 3 4 7 4 7 7 11 7 8 7 9 7 8 6 9 6 7 1 5 1 4 2 4 2 4 3 4 3 7 4 8 4 8 2 6 2 3 0 2 0 2
Act 4 minLength 4 maxLength 12 Curve 3 7 3 4 1 4 1 4 4 8 4 6 9 13 9 10 4 8 4 5 0 2 0 2 4 5 4 6 3 7 3 7 7 10 7 9 13 16 13 14 4 5 4 7 5 7 5 7 1 5 1 3 0 2 0 1 0 3 0 2 6 10 6 7 4 5 4 5 6 9 6 7 2 3 2 6 3 6 3 6 1 2 1 3 5 8 5 9 2 4 2 4 0 1 0 3
Act 5 minLength 8 maxLength 16 Curve 1 2 1 4 2 5 2 6 3 4 3 5 2 3 2 3 0 3 0 4 0 4 0 3 1 2 1 5 4 8 4 8 5 8 5 8 5 6 5 7 3 4 3 7 3 6 3 6 1 5 1 2 0 4 0 2 1 5 1 2 2 3 2 6 3 7 3 5 2 6 2 4 1 3 1 4 1 5 1 5 1 5 1 3 4 7 4 5 3 6 3 4 0 1 0 1
