period 15
horizonLength 96
nbrDays 1
nbrTypEmployees 1
prAct 1
prCur 1
typParam 2
HD 3
nbrShiftTypes 2
ShtTyp 0 minPre 4 maxPre 16 breakLength 8 minPost 4 maxPost 16 minLength 32 maxLength 40 nbrStarts 32 Starts 0 3 6 9 12 15 18 21 24 27 30 33 36 39 42 45 48 51 54 57 60 63 66 69 72 75 78 81 84 87 90 93
ShtTyp 1 minPre 4 maxPre 16 breakLength 4 minPost 4 maxPost 16 minLength 24 maxLength 28 nbrStarts 32 Starts 0 3 6 9 12 15 18 21 24 27 30 33 36 39 42 45 48 51 54 57 60 63 66 69 72 75 78 81 84 87 90 93
nbrActs 9
Act 0 minLength 4 maxLength 8 Curve 5 8 5 6 4 6 4 7 3 4 3 6 3 6 3 7 7 10 7 11 0 1 0 1 3 4 3 4 10 14 10 11 7 11 7 8 9 10 9 11 3 7 3 7 6 10 6 10 6 7 6 8 0 2 0 4 2 6 2 5 5 8 5 8 6 9 6 7 11 14 11 15 3 4 3 4 2 6 2 5 1 3 1 5 1 3 1 2 1 2 1 4 0 2 0 3
Act 1 minLength 8 maxLength 12 Curve 1 2 1 2 1 2 1 4 1 2 1 4 3 7 3 5 2 3 2 5 0 2 0 2 0 3 0 2 1 3 1 4 1 2 1 4 5 9 5 6 9 12 9 11 7 9 7 9 2 4 2 5 0 3 0 1 0 1 0 2 3 4 3 4 7 9 7 11 4 8 4 6 0 1 0 1 0 2 0 4 3 4 3 7 4 5 4 5 2 3 2 5 0 3 0 4
Act 2 minLength 12 maxLength 16 Curve 0 1 0 3 0 3 0 1 1 4 1 5 1 2 1 5 1 3 1 5 0 1 0 4 1 3 1 4 2 5 2 5 2 4 2 5 3 7 3 7 1 4 1 4 1 3 1 4 1 5 1 4 0 3 0 2 0 3 0 2 0 4 0 4 0 2 0 1 0 3 0 4 0 1 0 3 1 4 1 3 1 3 1 5 1 2 1 2 0 4 0 2 0 1 0 1
Act 3 minLength 4 maxLength 8 Curve 2 5 2 4 4 5 4 7 9 11 9 11 5 7 5 6 3 4 3 4 0 3 0 3 2 5 2 4 5 7 5 8 5 7 5 7 11 15 11 15 5 7 5 7 3 6 3 6 6 9 6 8 0 3 0 3 1 2 1 2 6 7 6 9 4 5 4 8 6 7 6 10 2 3 2 5 3 6 3 7 1 4 1 4 2 4 2 3 1 5 1 5 0 1 0 2
Act 4 minLength 8 maxLength 12 Curve 0 1 0 3 1 2 1 4 3 4 3 6 2 4 2 4 0 4 0 4 0 4 0 2 0 3 0 1 2 4 2 5 4 8 4 8 4 8 4 6 4 6 4 5 3 7 3 6 0 1 0 3 0 3 0 4 1 2 1 4 2 4 2 3 2 6 2 4 1 5 1 4 1 4 1 3 1 4 1 5 1 4 1 3 1 5 1 5 0 2 0 1 0 4 0 1
Act 5 minLength 12 maxLength 16 Curve 0 2 0 1 0 1 0 3 0 3 0 2 0 3 0 3 0 3 0 2 0 3 0 4 0 4 0 1 0 2 0 3 0 1 0 1 0 1 0 2 1 2 1 4 1 2 1 2 1 5 1 5 0 1 0 2 0 2 0 4 2 3 2 6 2 4 2 4 2 4 2 5 0 2 0 3 0 1 0 4 0 3 0 4 0 1 0 4 0 1 0 3 0 1 0 3
Act 6 minLength 4 maxLength 8 Curve 0 1 0 4 4 7 4 5 5 8 5 6 6 7 6 7 3 7 3 6 0 2 0 2 2 3 2 6 4 7 4 5 7 10 7 9 12 14 12 14 6 9 6 8 7 8 7 11 9 12 9 12 0 1 0 3 0 3 0 1 9 12 9 13 5 7 5 9 4 7 4 8 2 5 2 6 4 6 4 5 4 6 4 8 3 6 3 4 0 4 0 4 0 3 0 1
Act 7 minLength 8 maxLength 12 Curve 0 1 0 2 1 4 1 3 4 7 4 5 6 10 6 8 3 6 3 5 0 3 0 3 0 2 0 3 3 6 3 6 5 9 5 7 2 6 2 3 1 3 1 3 2 5 2 6 1 4 1 2 0 3 0 3 0 1 0 3 3 6 3 7 4 7 4 6 2 5 2 3 0 4 0 4 1 5 1 5 1 3 1 5 0 2 0 2 0 1 0 1 0 2 0 2
Act 8 minLength 12 maxLength 16 Curve 0 3 0 2 1 2 1 2 1 4 1 5 1 4 1 2 0 3 0 3 0 2 0 4 0 1 0 3 0 4 0 3 0 4 0 2 0 4 0 2 1 5 1 2 1 4 1 4 1 3 1 4 0 1 0 1 0 4 0 2 1 4 1 2 1 3 1 5 1 3 1 5 0 3 0 4 0 4 0 2 0 4 0 1 0 4 0 3 0 3 0 2 0 3 0 1
